244
2
123
124
125
126
127
128
129
130
131
132
133
134
135
136
137
138
139
140
141
142
143
144
145
146
147
148
149
150
151
152
153
154
155
156
157
158
159
160
161
162
163
164
165
166
167
168
169
170
171
172
173
174
175
176
177
178
179
180
181
182
183
184
185
186
187
188
189
190
191
192
193
194
195
196
197
198
199
200
201
202
203
204
205
206
207
208
209
210
211
212
213
214
215
216
217
218
219
220
221
222
223
224
225
226
227
228
229
230
231
232
233
234
235
236
237
238
239
240
241
242
243
276
276
244
2
123
124
125
126
127
128
129
130
131
132
133
134
135
136
137
138
139
140
141
142
143
144
145
146
147
148
149
150
151
152
153
154
155
156
157
158
159
160
161
162
163
164
165
166
167
168
169
170
171
172
173
174
175
176
177
178
179
180
181
182
183
184
185
186
187
188
189
190
191
192
193
194
195
196
197
198
199
200
201
202
203
204
205
206
207
208
209
210
211
212
213
214
215
216
217
218
219
220
221
222
223
224
225
226
227
228
229
230
231
232
233
234
235
236
237
238
239
240
241
242
243
280
280
280
2
123
124
125
126
127
128
129
130
131
132
133
134
135
136
137
138
139
140
141
142
143
144
145
146
147
148
149
150
151
152
153
154
155
156
157
158
159
160
161
162
163
164
165
166
167
168
169
170
171
172
173
174
175
176
177
178
179
180
181
182
183
184
185
186
187
188
189
190
191
192
193
194
195
196
197
198
199
200
201
202
203
204
205
206
207
208
209
210
211
212
213
214
215
216
217
218
219
220
221
222
223
224
225
226
227
228
229
230
231
232
233
234
235
236
237
238
239
240
241
242
243
284
284
288
292
296
300
304
308
312
316
320
324
328
332
336
340
344
345
346
347
348
349
350
351
352
356
360
364
368
372
376
380
384
388
392
396
400
404
408
409
410
411
412
413
414
415
416
420
424
428
432
436
440
444
448
452
456
460
464
468
472
473
474
475
476
477
478
479
480
484
488
492
496
500
504
508
512
516
520
524
528
532
536
537
538
539
540
541
542
543
544
548
552
556
560
564
568
572
576
580
584
588
592
596
600
601
602
603
604
605
606
607
608
612
616
620
624
628
632
636
640
644
648
652
656
660
664
665
666
667
668
669
670
671
672
676
680
684
688
692
696
700
704
708
712
716
720
724
728
729
730
731
732
733
734
735
736
740
744
748
752
756
760
764
768
772
776
780
784
788
792
793
794
795
796
797
798
799
800
804
808
812
816
820
824
828
832
836
840
844
848
852
856
857
858
859
860
861
862
863
864
868
872
876
880
884
888
892
896
900
904
908
912
916
920
921
922
923
924
925
926
927
928
932
936
940
944
948
952
956
960
964
968
972
976
980
984
985
986
987
988
989
990
991
992
996
1000
1004
1008
1012
1016
1020
1024
1028
1032
1036
1040
1044
1048
1049
1050
1051
1052
1053
1054
1055
1056
1060
1064
1068
1072
1076
1080
1084
1088
1092
1096
1100
1104
1108
1112
1113
1114
1115
1116
1117
1118
1119
1120
1124
1128
1132
1136
1140
1144
1148
1152
1156
1160
1164
1168
1172
1176
1177
1178
1179
1180
1181
1182
1183
1184
1188
1192
1196
1200
1204
1208
1212
1216
1220
1224
1228
1232
1236
1240
1241
1242
1243
1244
1245
1246
1247
1248
1252
1256
1260
1264
1268
1272
1276
1280
1284
1288
1292
2
1296
1300
1304
1305
1306
1307
1308
1309
1310
1311
1312
1316
1320
1324
1328
1332
1336
1340
1344
1348
1352
1356
1360
1364
1368
1369
1370
1371
1372
1373
1374
1375
1376
1380
1384
1388
1392
1396
1400
1404
1408
1412
1416
1420
1424
1428
1432
1433
1434
1435
1436
1437
1438
1439
1440
1444
1448
1452
1456
1460
1464
1468
1472
1476
1480
1484
1488
1492
1496
1497
1498
1499
1500
1501
1502
1503
1504
1508
1512
1516
1520
1524
1528
1532
1536
1540
1544
1548
1552
1556
1560
1561
1562
1563
1564
1565
1566
1567
1568
1572
1576
1580
1584
1588
1592
1596
1600
1604
1608
1612
1616
1620
1624
1625
1626
1627
1628
1629
1630
1631
1632
1636
1640
1644
1645
1646
1647
1648
1649
1650
3
284
123
124
125
126
127
128
129
130
131
132
133
134
135
136
137
138
139
140
141
142
143
144
145
146
147
148
149
150
151
152
153
154
155
156
157
158
159
160
161
162
163
164
165
166
167
168
169
170
171
172
173
174
175
176
177
178
179
180
181
182
183
184
185
186
187
188
189
190
191
192
193
194
195
196
197
198
199
200
201
202
203
204
205
206
207
208
209
210
211
212
213
214
215
216
217
218
219
220
221
222
223
224
225
226
227
228
229
230
231
232
233
234
235
236
237
238
239
240
241
242
243
123
124
125
126
127
128
129
130
131
132
133
134
135
136
137
138
139
140
141
142
143
144
145
146
147
148
149
150
151
152
153
154
155
156
157
158
159
160
161
162
163
164
165
166
167
168
169
170
171
172
173
174
175
176
177
178
179
180
181
182
183
184
185
186
187
188
189
190
191
192
193
194
195
196
197
198
199
200
201
202
203
204
205
206
207
208
209
210
211
212
213
214
215
216
217
218
219
220
221
222
223
224
225
226
227
228
229
230
231
232
233
234
235
236
237
238
239
240
241
242
243
123
124
125
126
127
128
129
130
131
132
133
134
135
136
137
138
139
140
141
142
143
144
145
146
147
148
149
150
151
152
153
154
155
156
157
158
159
160
161
162
163
164
165
166
167
168
169
170
171
172
173
174
175
176
177
178
179
180
181
182
183
184
185
186
187
188
189
190
191
192
193
194
195
196
197
198
199
200
201
202
203
204
205
206
207
208
209
210
211
212
213
214
215
216
217
218
219
220
221
222
223
224
225
226
227
228
229
230
231
232
233
234
235
236
237
238
239
240
241
242
243
1652
3
284
123
124
125
126
127
128
129
130
131
132
133
134
135
136
137
138
139
140
141
142
143
144
145
146
147
148
149
150
151
152
153
154
155
156
157
158
159
160
161
162
163
164
165
166
167
168
169
170
171
172
173
174
175
176
177
178
179
180
181
182
183
184
185
186
187
188
189
190
191
192
193
194
195
196
197
198
199
200
201
202
203
204
205
206
207
208
209
210
211
212
213
214
215
216
217
218
219
220
221
222
223
224
225
226
227
228
229
230
231
232
233
234
235
236
237
238
239
240
241
242
243
1656
1660
1664
1668
1672
1676
1680
1684
1688
1692
1696
1700
1704
1708
1712
1713
1714
1715
1716
1717
1718
1719
1720
1724
1728
1732
1736
1740
1744
1748
1752
1756
1760
1764
1768
1772
1776
1777
1778
1779
1780
1781
1782
1783
1784
1788
1792
1796
1800
1804
1808
1812
1816
1820
1824
1828
1832
1836
1840
1841
1842
1843
1844
1845
1846
1847
1848
1852
1856
1860
1864
1868
1872
1876
1880
1884
1888
1892
1896
1900
1904
1905
1906
1907
1908
1909
1910
1911
1912
1916
1920
1924
1928
1932
1936
1940
1944
1948
1952
1956
1960
1964
1968
1969
1970
1971
1972
1973
1974
1975
1976
1980
1984
1988
1992
1996
2000
2004
2008
2012
2016
2020
2024
2028
2032
2033
2034
2035
2036
2037
2038
2039
2040
2044
2048
2052
2056
2060
2064
2068
2072
2076
2080
2084
2088
2092
2096
2097
2098
2099
2100
2101
2102
2103
2104
2108
2112
2116
2120
2124
2128
2132
2136
2140
2144
2148
2152
2156
2160
2161
2162
2163
2164
2165
2166
2167
2168
2172
2176
2180
2184
2188
2192
2196
2200
2204
2208
2212
2216
2220
2224
2225
2226
2227
2228
2229
2230
2231
2232
2236
2240
2244
2248
2252
2256
2260
2264
2268
2272
2276
2280
2284
2288
2289
2290
2291
2292
2293
2294
2295
2296
2300
2304
2308
2312
2316
3
2320
2324
2328
2332
2336
2340
2344
2348
2352
2353
2354
2355
2356
2357
2358
2359
2360
2364
2368
2372
2376
2380
2384
2388
2392
2396
2400
2404
2408
2412
2416
2417
2418
2419
2420
2421
2422
2423
2424
2428
2432
2436
2440
2444
2448
2452
2456
2460
2464
2468
2472
2476
2480
2481
2482
2483
2484
2485
2486
2487
2488
2492
2496
2500
2504
2508
2512
2516
2520
2524
2528
2532
2536
2540
2544
2545
2546
2547
2548
2549
2550
2551
2552
2556
2560
2564
2568
2572
2576
2580
2584
2588
2592
2596
2600
2604
2608
2609
2610
2611
2612
2613
2614
2615
2616
2620
2624
2628
2632
2636
2640
2644
2648
2652
2656
2660
2664
2668
2672
2673
2674
2675
2676
2677
2678
2679
2680
2684
2688
2692
2696
2700
2704
2708
2712
2716
2720
2724
2728
2732
2736
2737
2738
2739
2740
2741
2742
2743
2744
2748
2752
2756
2760
2764
2768
2772
2776
2780
2784
2788
2792
2796
2800
2801
2802
2803
2804
2805
2806
2807
2808
2812
2816
2820
2824
2828
2832
2836
2840
2844
2848
2852
2856
2860
2864
2865
2866
2867
2868
2869
2870
2871
2872
2876
2880
2884
2888
2892
2896
2900
2904
2908
2912
2916
2920
2924
2928
2929
2930
2931
2932
2933
2934
2935
2936
2940
2944
2948
2952
2956
2960
2964
2968
2972
2976
2980
2984
2988
2992
2993
2994
2995
2996
2997
2998
2999
3000
3004
3008
3012
3016
3020
3024
3028
3032
3036
3040
3044
3048
3052
3056
3057
3058
3059
3060
3061
3062
3063
3064
3068
3072
3076
3080
3084
3088
3092
3096
3100
3104
3108
3112
3116
3120
3121
3122
3123
3124
3125
3126
3127
3128
3132
3136
3137
3138
3139
3140
3141
3142
3143
4
284
123
124
125
126
127
128
129
130
131
132
133
134
135
136
137
138
139
140
141
142
143
144
145
146
147
148
149
150
151
152
153
154
155
156
157
158
159
160
161
162
163
164
165
166
167
168
169
170
171
172
173
174
175
176
177
178
179
180
181
182
183
184
185
186
187
188
189
190
191
192
193
194
195
196
197
198
199
200
201
202
203
204
205
206
207
208
209
210
211
212
213
214
215
216
217
218
219
220
221
222
223
224
225
226
227
228
229
230
231
232
233
234
235
236
237
238
239
240
241
242
243
284
3
123
124
125
126
127
128
129
130
131
132
133
134
135
136
137
138
139
140
141
142
143
144
145
146
147
148
149
150
151
152
153
154
155
156
157
158
159
160
161
162
163
164
165
166
167
168
169
170
171
172
173
174
175
176
177
178
179
180
181
182
183
184
185
186
187
188
189
190
191
192
193
194
195
196
197
198
199
200
201
202
203
204
205
206
207
208
209
210
211
212
213
214
215
216
217
218
219
220
221
222
223
224
225
226
227
228
229
230
231
232
233
234
235
236
237
238
239
240
241
242
243
1652
1653
3
284
123
124
125
126
127
128
129
130
131
132
133
134
135
136
137
138
139
140
141
142
143
144
145
146
147
148
149
150
151
152
153
154
155
156
157
158
159
160
161
162
163
164
165
166
167
168
169
170
171
172
173
174
175
176
177
178
179
180
181
182
183
184
185
186
187
188
189
190
191
192
193
194
195
196
197
198
199
200
201
202
203
204
205
206
207
208
209
210
211
212
213
214
215
216
217
218
219
220
221
222
223
224
225
226
227
228
229
230
231
232
233
234
235
236
237
238
239
240
241
242
243
3144
3148
3152
3156
3160
3164
3168
3172
3176
3180
3184
3188
3192
3196
3200
3201
3202
3203
3204
3205
3206
3207
3208
3212
3216
3220
3224
3228
3232
3236
3240
3244
3248
3252
3256
3260
3264
3265
3266
3267
3268
3269
3270
3271
3272
3276
3280
3284
3288
3292
3296
3300
3304
3308
3312
3316
3320
3324
3328
3329
3330
3331
3332
3333
3334
3335
3336
3340
4
3344
3348
3352
3356
3360
3364
3368
3372
3376
3380
3384
3388
3392
3393
3394
3395
3396
3397
3398
3399
3400
3404
3408
3412
3416
3420
3424
3428
3432
3436
3440
3444
3448
3452
3456
3457
3458
3459
3460
3461
3462
3463
3464
3468
3472
3476
3480
3484
3488
3492
3496
3500
3504
3508
3512
3516
3520
3521
3522
3523
3524
3525
3526
3527
3528
3532
3536
3540
3544
3548
3552
3556
3560
3564
3568
3572
3576
3580
3584
3585
3586
3587
3588
3589
3590
3591
3592
3596
3600
3604
3608
3612
3616
3620
3624
3628
3632
3636
3640
3644
3648
3649
3650
3651
3652
3653
3654
3655
3656
3660
3664
3668
3672
3676
3680
3684
3688
3692
3696
3700
3704
3708
3712
3713
3714
3715
3716
3717
3718
3719
3720
3724
3728
3732
3736
3740
3744
3748
3752
3756
3760
3764
3768
3772
3776
3777
3778
3779
3780
3781
3782
3783
3784
3788
3792
3796
3800
3804
3808
3812
3816
3820
3824
3828
3832
3836
3840
3841
3842
3843
3844
3845
3846
3847
3848
3852
3856
3860
3864
3868
3872
3876
3880
3884
3888
3892
3896
3900
3904
3905
3906
3907
3908
3909
3910
3911
3912
3916
3920
3924
3928
3932
3936
3940
3944
3948
3952
3956
3960
3964
3968
3969
3970
3971
3972
3973
3974
3975
3976
3980
3984
3988
3992
3996
4000
4004
4008
4012
4016
4020
4024
4028
4032
4033
4034
4035
4036
4037
4038
4039
4040
4044
4048
4052
4056
4060
4064
4068
4072
4076
4080
4084
4088
4092
4096
4097
4098
4099
4100
4101
4102
4103
4104
4108
4112
4116
4120
4124
4128
4132
4136
4140
4144
4148
4152
4156
4160
4161
4162
4163
4164
4165
4166
4167
4168
4172
4176
4180
4184
4188
4192
4196
4200
4204
4208
4212
4216
4220
4224
4225
4226
4227
4228
4229
4230
4231
4232
4236
4240
4244
4248
4252
4256
4260
4264
4268
4272
4276
4280
4284
4288
4289
4290
4291
4292
4293
4294
4295
4296
4300
4304
4308
4312
4316
4320
4324
4328
4332
4336
4340
4344
4348
4352
4353
4354
4355
4356
4357
4358
4359
4360
4364
5
4368
4372
4376
4380
4384
4388
4392
4396
4400
4404
4408
4412
4416
4417
4418
4419
4420
4421
4422
4423
4424
4428
4432
4436
4440
4444
4448
4452
4456
4460
4464
4468
4472
4476
4480
4481
4482
4483
4484
4485
4486
4487
4488
4492
4496
4500
4504
4505
4506
4507
4508
4509
4510
4511
6
284
123
124
125
126
127
128
129
130
131
132
133
134
135
136
137
138
139
140
141
142
143
144
145
146
147
148
149
150
151
152
153
154
155
156
157
158
159
160
161
162
163
164
165
166
167
168
169
170
171
172
173
174
175
176
177
178
179
180
181
182
183
184
185
186
187
188
189
190
191
192
193
194
195
196
197
198
199
200
201
202
203
204
205
206
207
208
209
210
211
212
213
214
215
216
217
218
219
220
221
222
223
224
225
226
227
228
229
230
231
232
233
234
235
236
237
238
239
240
241
242
243
284
3
123
124
125
126
127
128
129
130
131
132
133
134
135
136
137
138
139
140
141
142
143
144
145
146
147
148
149
150
151
152
153
154
155
156
157
158
159
160
161
162
163
164
165
166
167
168
169
170
171
172
173
174
175
176
177
178
179
180
181
182
183
184
185
186
187
188
189
190
191
192
193
194
195
196
197
198
199
200
201
202
203
204
205
206
207
208
209
210
211
212
213
214
215
216
217
218
219
220
221
222
223
224
225
226
227
228
229
230
231
232
233
234
235
236
237
238
239
240
241
242
243
1652
1653
3
284
123
124
125
126
127
128
129
130
131
132
133
134
135
136
137
138
139
140
141
142
143
144
145
146
147
148
149
150
151
152
153
154
155
156
157
158
159
160
161
162
163
164
165
166
167
168
169
170
171
172
173
174
175
176
177
178
179
180
181
182
183
184
185
186
187
188
189
190
191
192
193
194
195
196
197
198
199
200
201
202
203
204
205
206
207
208
209
210
211
212
213
214
215
216
217
218
219
220
221
222
223
224
225
226
227
228
229
230
231
232
233
234
235
236
237
238
239
240
241
242
243
4512
4516
4520
4524
4528
4532
4536
4540
4544
4548
4552
4556
4560
4564
4568
4569
4570
4571
4572
4573
4574
4575
4576
4580
4584
4588
4592
4596
4600
4604
4608
4612
4616
4620
4624
4628
4632
4633
4634
4635
4636
4637
4638
4639
4640
4644
4648
4652
4656
4660
4664
4668
4672
4676
4680
4684
4688
4692
4696
4697
4698
4699
4700
4701
4702
4703
4704
4708
4712
4716
4720
4724
4728
4732
4736
4740
4744
4748
4752
4756
4760
4761
4762
4763
4764
4765
4766
4767
4768
4772
4776
4780
4784
4788
4792
4796
4800
4804
4808
4812
4816
4820
4824
4825
4826
4827
4828
4829
4830
4831
4832
4836
4840
4844
4848
4852
4856
4860
4864
4868
4872
4876
4880
4884
4888
4889
4890
4891
4892
4893
4894
4895
4896
4900
4904
4908
4912
4916
4920
4924
4928
4932
4936
4940
4944
4948
4952
4953
4954
4955
4956
4957
4958
4959
4960
4964
4968
4972
4976
4980
4984
4988
4992
4996
5000
5004
5008
5012
5016
5017
5018
5019
5020
5021
5022
5023
5024
5028
5032
5036
5040
5044
5048
5052
5056
5060
5064
5068
5072
5076
5080
5081
5082
5083
5084
5085
5086
5087
5088
5092
5096
5100
5104
5108
5112
5116
5120
5124
5128
5132
5136
5140
5144
5145
5146
5147
5148
5149
5150
5151
5152
5156
5160
5164
5168
5172
5176
5180
5184
5188
5192
5196
5200
5204
5208
5209
5210
5211
5212
5213
5214
5215
5216
5220
5224
5228
5232
5236
5240
5244
5248
5252
5256
5260
5264
5268
5272
5273
5274
5275
5276
5277
5278
5279
5280
5284
5288
5292
5296
5300
5304
5308
5312
5316
5320
5324
5328
5332
5336
5337
5338
5339
5340
5341
5342
5343
5344
5348
5352
5356
5360
5364
5368
5372
5376
5380
5384
5388
6
5392
5396
5400
5401
5402
5403
5404
5405
5406
5407
5408
5412
5416
5420
5424
5428
5432
5436
5440
5444
5448
5452
5456
5460
5464
5465
5466
5467
5468
5469
5470
5471
5472
5476
5480
5484
5488
5492
5496
5500
5504
5508
5512
5516
5520
5524
5528
5529
5530
5531
5532
5533
5534
5535
5536
5540
5544
5548
5552
5556
5560
5564
5568
5572
5576
5580
5584
5588
5592
5593
5594
5595
5596
5597
5598
5599
5600
5604
5608
5612
5616
5620
5624
5628
5632
5636
5640
5644
5648
5652
5656
5657
5658
5659
5660
5661
5662
5663
5664
5668
5672
5676
5680
5684
5688
5692
5696
5700
5704
5708
5712
5716
5720
5721
5722
5723
5724
5725
5726
5727
5728
5732
5736
5740
5744
5748
5752
5756
5760
5764
5768
5772
5776
5780
5784
5785
5786
5787
5788
5789
5790
5791
5792
5796
5800
5804
5808
5812
5816
5820
5824
5828
5832
5836
5840
5844
5848
5849
5850
5851
5852
5853
5854
5855
5856
5860
5864
5868
5872
5876
5880
5884
5888
5892
5896
5900
5904
5908
5912
5913
5914
5915
5916
5917
5918
5919
5920
5924
5928
5932
5933
5934
5935
5936
5937
5938
5939
7
284
123
124
125
126
127
128
129
130
131
132
133
134
135
136
137
138
139
140
141
142
143
144
145
146
147
148
149
150
151
152
153
154
155
156
157
158
159
160
161
162
163
164
165
166
167
168
169
170
171
172
173
174
175
176
177
178
179
180
181
182
183
184
185
186
187
188
189
190
191
192
193
194
195
196
197
198
199
200
201
202
203
204
205
206
207
208
209
210
211
212
213
214
215
216
217
218
219
220
221
222
223
224
225
226
227
228
229
230
231
232
233
234
235
236
237
238
239
240
241
242
243
284
3
123
124
125
126
127
128
129
130
131
132
133
134
135
136
137
138
139
140
141
142
143
144
145
146
147
148
149
150
151
152
153
154
155
156
157
158
159
160
161
162
163
164
165
166
167
168
169
170
171
172
173
174
175
176
177
178
179
180
181
182
183
184
185
186
187
188
189
190
191
192
193
194
195
196
197
198
199
200
201
202
203
204
205
206
207
208
209
210
211
212
213
214
215
216
217
218
219
220
221
222
223
224
225
226
227
228
229
230
231
232
233
234
235
236
237
238
239
240
241
242
243
1652
1653
1654
3
284
123
124
125
126
127
128
129
130
131
132
133
134
135
136
137
138
139
140
141
142
143
144
145
146
147
148
149
150
151
152
153
154
155
156
157
158
159
160
161
162
163
164
165
166
167
168
169
170
171
172
173
174
175
176
177
178
179
180
181
182
183
184
185
186
187
188
189
190
191
192
193
194
195
196
197
198
199
200
201
202
203
204
205
206
207
208
209
210
211
212
213
214
215
216
217
218
219
220
221
222
223
224
225
226
227
228
229
230
231
232
233
234
235
236
237
238
239
240
241
242
243
5940
5944
5948
5952
5956
5960
5964
5968
5972
5976
5980
5984
5988
5992
5996
5997
5998
5999
6000
6001
6002
6003
6004
6008
6012
6016
6020
6024
6028
6032
6036
6040
6044
6048
6052
6056
6060
6061
6062
6063
6064
6065
6066
6067
6068
6072
6076
6080
6084
6088
6092
6096
6100
6104
6108
6112
6116
6120
6124
6125
6126
6127
6128
6129
6130
6131
6132
6136
6140
6144
6148
6152
6156
6160
6164
6168
6172
6176
6180
6184
6188
6189
6190
6191
6192
6193
6194
6195
6196
6200
6204
6208
6212
6216
6220
6224
6228
6232
6236
6240
6244
6248
6252
6253
6254
6255
6256
6257
6258
6259
6260
6264
6268
6272
6276
6280
6284
6288
6292
6296
6300
6304
6308
6312
6316
6317
6318
6319
6320
6321
6322
6323
6324
6328
6332
6336
6340
6344
6348
6352
6356
6360
6364
6368
6372
6376
6380
6381
6382
6383
6384
6385
6386
6387
6388
6392
6396
6400
6404
6408
6412
7
6416
6420
6424
6428
6432
6436
6440
6444
6445
6446
6447
6448
6449
6450
6451
6452
6456
6460
6464
6468
6472
6476
6480
6484
6488
6492
6496
6500
6504
6508
6509
6510
6511
6512
6513
6514
6515
6516
6520
6524
6528
6532
6536
6540
6544
6548
6552
6556
6560
6564
6568
6572
6573
6574
6575
6576
6577
6578
6579
6580
6584
6588
6592
6596
6600
6604
6608
6612
6616
6620
6624
6628
6632
6636
6637
6638
6639
6640
6641
6642
6643
6644
6648
6652
6656
6660
6664
6668
6672
6676
6680
6684
6688
6692
6696
6700
6701
6702
6703
6704
6705
6706
6707
6708
6712
6716
6720
6724
6728
6732
6736
6740
6744
6748
6752
6756
6760
6764
6765
6766
6767
6768
6769
6770
6771
6772
6776
6780
6784
6788
6792
6796
6800
6804
6808
6812
6816
6820
6824
6828
6829
6830
6831
6832
6833
6834
6835
6836
6840
6844
6848
6852
6856
6860
6864
6868
6872
6876
6880
6884
6888
6892
6893
6894
6895
6896
6897
6898
6899
6900
6904
6908
6912
6916
6920
6924
6928
6932
6936
6940
6944
6948
6952
6956
6957
6958
6959
6960
6961
6962
6963
6964
6968
6972
6976
6980
6984
6988
6992
6996
7000
7004
7008
7012
7016
7020
7021
7022
7023
7024
7025
7026
7027
7028
7032
7036
7040
7044
7048
7052
7056
7060
7064
7068
7072
7076
7080
7084
7085
7086
7087
7088
7089
7090
7091
7092
7096
7100
7104
7108
7112
7116
7120
7124
7128
7132
7136
7140
7144
7148
7149
7150
7151
7152
7153
7154
7155
7156
7160
7164
7168
7172
7173
7174
7175
7176
7177
7178
8
284
123
124
125
126
127
128
129
130
131
132
133
134
135
136
137
138
139
140
141
142
143
144
145
146
147
148
149
150
151
152
153
154
155
156
157
158
159
160
161
162
163
164
165
166
167
168
169
170
171
172
173
174
175
176
177
178
179
180
181
182
183
184
185
186
187
188
189
190
191
192
193
194
195
196
197
198
199
200
201
202
203
204
205
206
207
208
209
210
211
212
213
214
215
216
217
218
219
220
221
222
223
224
225
226
227
228
229
230
231
232
233
234
235
236
237
238
239
240
241
242
243
284
3
123
124
125
126
127
128
129
130
131
132
133
134
135
136
137
138
139
140
141
142
143
144
145
146
147
148
149
150
151
152
153
154
155
156
157
158
159
160
161
162
163
164
165
166
167
168
169
170
171
172
173
174
175
176
177
178
179
180
181
182
183
184
185
186
187
188
189
190
191
192
193
194
195
196
197
198
199
200
201
202
203
204
205
206
207
208
209
210
211
212
213
214
215
216
217
218
219
220
221
222
223
224
225
226
227
228
229
230
231
232
233
234
235
236
237
238
239
240
241
242
243
1652
1653
