   0    1    2    3    4    5    6    7    8    9   10   11   12   13   14   15   16   17   18   19 
  20   21   22   23   24   25   26   27   28   29   30   31   32   33   34   35   36   37   38   39 
  40   41   42   43   44   45   46   47   48   49   50   51   52   53   54   55   56   57   58   59 
  60   61   62   63   64   65   66   67   68   69   70   71   72   73   74   75   76   77   78   79 
  80   81   82   83   84   85   86   87   88   89   90   91   92   93   94   95   96   97   98   99 
 100  101  102  103  104  105  106  107  108  109  110  111  112  113  114  115  116  117  118  119 
 120  121  122  123  124  125  126  127  128  257  257  257  257 
   1  129  289  290    1  129  291  292    1  129  293  294    1  129  295  296    1  129  297  298 
   1  129  299  300    1  129  301  302    1  129  303  304    1  129  305  306    1  129  307  308 
   1  129  309  310    1  129  311  312    1  129  313  314    1  129  315  316    1  129  317  318 
   1  129  319  320    1  129  321  322    1  129  323  324    1  129  325  326    1  129  327  328 
   1  129  329  330    1  129  331  332    1  129  333  334    1  129  335  336    1  129  337  338 
   1  129  339  340    1  129  341  342    1  129  343  344    1  129  345  346    1  129  347  348 
   1  129  349  350    1  129  351  352    1  129  353  354    1  129  355  356    1  129  357  358 
   1  129  359  360    1  129  361  362    1  129  363  364    1  129  365  366    1  129  367  368 
   1  129  369  370    1  129  371  372    1  129  373  374    1  129  375  376    1  129  377  378 
   1  129  379  380    1  129  381  382    1  129  383  384    1  129  385  386    1  129  387  388 
   1  129  389  390    1  129  391  392    1  129  393  394    1  129  395  396    1  129  397  398 
   1  129  399  400    1  129  401  402    1  129  403  404    1  129  405  406    1  129  407  408 
   1  129  409  410    1  129  411  412    1  129  413  414    1  129  415  416    1  129  417  418 
   1  129  419  420    1  129  421  422    1  129  423  424    1  129  425  426    1  129  427  428 
   1  129  429  430    1  129  431  432    1  129  433  434    1  129  435  436    1  129  437  438 
   1  129  439  440    1  129  441  442    1  129  443  444    1  129  445  446    1  129  447  448 
   1  129  449  450    1  129  451  452    1  129  453  454    1  129  455  456    1  129  457  458 
   1  129  459  460    1  129  461  462    1  129  463  464    1  129  465  466    1  129  467  468 
   1  129  469  470    1  129  471  472    1  129  473  474    1  129  475  476    1  129  477  478 
   1  129  479  480    1  129  481  482    1  129  483  484    1  129  485  486    1  129  487  488 
   1  129  489  490    1  129  491  492    1  129  493  494    1  129  495  496    1  129  497  498 
   1  129  499  500    1  129  501  502    1  129  503  504    1  129  505  506    1  129  507  508 
   1  129  509  510    1  129  511  512    1  129  513  514    1  129  515  516    1  129  517  518 
   1  129  519  520    1  129  521  522    1  129  523  524    1  129  525  526    1  129  527  528 
   1  129  529  530    1  129  531  532    1  129  533  534    1  129  535  536    1  129  537  538 
   1  129  539  540    1  129  541  542    1  129  543  544    1  129  545  546    1  129  547  548 
   1  129  549  550    1  129  551  552    1  129  553  554    1  129  555  556    1  129  557  558 
   1  129  559  560    1  129  561  562    1  129  563  564    1  129  565  566    1  129  567  568 
   1  129  569  570    1  129  571  572    1  129  573  574    1  129  575  576    1  129  577  578 
   1  129  579  580    1  129  581  582    1  129  583  584    1  129  585  586    1  129  587  588 
   1  129  589  590    1  129  591  592    1  129  593  594    1  129  595  596    1  129  597  598 
   1  129  599  600    1  129  601  602    1  129  603  604    1  129  605  606    1  129  607  608 
   1  129  609  610    1  129  611  612    1  129  613  614    1  129  615  616    1  129  617  618 
   1  129  619  620    1  129  621  622    1  129  623  624    1  129  625  626    1  129  627  628 
   1  129  629  630    1  129  631  632    1  129  633  634    1  129  635  636    1  129  637  638 
   1  129  639  640    1  129  641  642    1  129  643  644    1  129  645  646    1  129  647  648 
   1  129  649  650    1  129  651  652    1  129  653  654    1  129  655  656    1  129  657  658 
   1  129  659  660    1  129  661  662    1  129  663  664    1  129  665  666    1  129  667  668 
   1  129  669  670    1  129  671  672    1  129  673  674    1  129  675  676    1  129  677  678 
   1  129  679  680    1  129  681  682    1  129  683  684    1  129  685  686    1  129  687  688 
   1  129  689  690    1  129  691  692    1  129  693  694    1  129  695  696    1  129  697  698 
   1  129  699  700    1  129  701  702    1  129  703  704    1  129  705  706    1  129  707  708 
   1  129  709  710    1  129  711  712    1  129  713  714    1  129  715  716    1  129  717  718 
   1  129  719  720    1  129  721  722    1  129  723  724    1  129  725  726    1  129  727  728 
   1  129  729  730    1  129  731  732    1  129  733  734    1  129  735  736    1  129  737  738 
   1  129  739  740    1  129  741  742    1  129  743  744    1  129  745  746    1  129  747  748 
   1  129  749  750    1  129  751  752    1  129  753  754    1  129  755  756    1  129  757  758 
   1  129  759  760    1  129  761  762    1  129  763  764    1  129  765  766    1  129  767  768 
   1  129  769  770    1  129  771  772    1  129  773  774    1  129  775  776    1  129  777  778 
   1  129  779  780    1  129  781  782    1  129  783  784    1  129  785  786    1  129  787  788 
   1  129  789  790    1  129  791  792    1  129  793  794    1  129  795  796    1  129 
   2  130  797  798    2  130  799  800    2  130  801  802    2  130  803  804    2  130  805  806 
   2  130  807  808    2  130  809  810    2  130  811  812    2  130  813  814    2  130  815  816 
   2  130  817  818    2  130  819  820    2  130  821  822    2  130  823  824    2  130  825  826 
   2  130  827  828    2  130  829  830    2  130  831  832    2  130  833  834    2  130  835  836 
   2  130  837  838    2  130  839  840    2  130  841  842    2  130  843  844    2  130  845  846 
   2  130  847  848    2  130  849  850    2  130  851  852    2  130  853  854    2  130  855  856 
   2  130  857  858    2  130  859  860    2  130  861  862    2  130  863  864    2  130  865  866 
   2  130  867  868    2  130  869  870    2  130  871  872    2  130  873  874    2  130  875  876 
   2  130  877  878    2  130  879  880    2  130  881  882    2  130  883  884    2  130  885  886 
   2  130  887  888    2  130  889  890    2  130  891  892    2  130  893  894    2  130  895  896 
   2  130  897  898    2  130  899  900    2  130  901  902    2  130  903  904    2  130  905  906 
   2  130  907  908    2  130  909  910    2  130  911  912    2  130  913  914    2  130  915  916 
   2  130  917  918    2  130  919  920    2  130  921  922    2  130  923  924    2  130  925  926 
   2  130  927  928    2  130  929  930    2  130  931  932    2  130  933  934    2  130  935  936 
   2  130  937  938    2  130  939  940    2  130  941  942    2  130  943  944    2  130  945  946 
   2  130  947  948    2  130  949  950    2  130  951  952    2  130  953  954    2  130  955  956 
   2  130  957  958    2  130  959  960    2  130  961  962    2  130  963  964    2  130  965  966 
   2  130  967  968    2  130  969  970    2  130  971  972    2  130  973  974    2  130  975  976 
   2  130  977  978    2  130  979  980    2  130  981  982    2  130  983  984    2  130  985  986 
   2  130  987  988    2  130  989  990    2  130  991  992    2  130  993  994    2  130  995  996 
   2  130  997  998    2  130  999 1000    2  130 1001 1002    2  130 1003 1004    2  130 1005 1006 
   2  130 1007 1008    2  130 1009 1010    2  130 1011 1012    2  130 1013 1014    2  130 1015 1016 
   2  130 1017 1018    2  130 1019 1020    2  130 1021 1022    2  130 1023 1024    2  130 1025 1026 
   2  130 1027 1028    2  130 1029 1030    2  130 1031 1032    2  130 1033 1034    2  130 1035 1036 
   2  130 1037 1038    2  130 1039 1040    2  130 1041 1042    2  130 1043 1044    2  130 1045 1046 
   2  130 1047 1048    2  130 1049 1050    2  130 1051 1052    2  130 1053 1054    2  130 1055 1056 
   2  130 1057 1058    2  130 1059 1060    2  130 1061 1062    2  130 1063 1064    2  130 1065 1066 
   2  130 1067 1068    2  130 1069 1070    2  130 1071 1072    2  130 1073 1074    2  130 1075 1076 
   2  130 1077 1078    2  130 1079 1080    2  130 1081 1082    2  130 1083 1084    2  130 1085 1086 
   2  130 1087 1088    2  130 1089 1090    2  130 1091 1092    2  130 1093 1094    2  130 1095 1096 
   2  130 1097 1098    2  130 1099 1100    2  130 1101 1102    2  130 1103 1104    2  130 1105 1106 
   2  130 1107 1108    2  130 1109 1110    2  130 1111 1112    2  130 1113 1114    2  130 1115 1116 
   2  130 1117 1118    2  130 1119 1120    2  130 1121 1122    2  130 1123 1124    2  130 1125 1126 
   2  130 1127 1128    2  130 1129 1130    2  130 1131 1132    2  130 1133 1134    2  130 1135 1136 
   2  130 1137 1138    2  130 1139 1140    2  130 1141 1142    2  130 1143 1144    2  130 1145 1146 
   2  130 1147 1148    2  130 1149 1150    2  130 1151 1152    2  130 1153 1154    2  130 1155 1156 
   2  130 1157 1158    2  130 1159 1160    2  130 1161 1162    2  130 1163 1164    2  130 1165 1166 
   2  130 1167 1168    2  130 1169 1170    2  130 1171 1172    2  130 1173 1174    2  130 1175 1176 
   2  130 1177 1178    2  130 1179 1180    2  130 1181 1182    2  130 1183 1184    2  130 1185 1186 
   2  130 1187 1188    2  130 1189 1190    2  130 1191 1192    2  130 1193 1194    2  130 1195 1196 
   2  130 1197 1198    2  130 1199 1200    2  130 1201 1202    2  130 1203 1204    2  130 1205 1206 
   2  130 1207 1208    2  130 1209 1210    2  130 1211 1212    2  130 1213 1214    2  130 1215 1216 
   2  130 1217 1218    2  130 1219 1220    2  130 1221 1222    2  130 1223 1224    2  130 1225 1226 
   2  130 1227 1228    2  130 1229 1230    2  130 1231 1232    2  130 1233 1234    2  130 1235 1236 
   2  130 1237 1238    2  130 1239 1240    2  130 1241 1242    2  130 1243 1244    2  130 1245 1246 
   2  130 1247 1248    2  130 1249 1250    2  130 1251 1252    2  130 1253 1254    2  130 1255 1256 
   2  130 1257 1258    2  130 1259 1260    2  130 1261 1262    2  130 1263 1264    2  130 1265 1266 
   2  130 1267 1268    2  130 1269 1270    2  130 1271 1272    2  130 1273 1274    2  130 1275 1276 
   2  130 1277 1278    2  130 1279 1280    2  130 1281 1282    2  130 1283 1284    2  130 1285 1286 
   2  130 1287 1288    2  130 1289 1290    2  130 1291 1292    2  130 1293 1294    2  130 1295 1296 
   2  130 1297 1298    2  130 1299 1300    2  130 1301 1302    2  130 1303 1304    2  130 1305 1306 
   2  130 1307 1308    2  130 
   3  131 1309 1310    3  131 1311 1312    3  131 1313 1314    3  131 1315 1316    3  131 1317 1318 
   3  131 1319 1320    3  131 1321 1322    3  131 1323 1324    3  131 1325 1326    3  131 1327 1328 
   3  131 1329 1330    3  131 1331 1332    3  131 1333 1334    3  131 1335 1336    3  131 1337 1338 
   3  131 1339 1340    3  131 1341 1342    3  131 1343 1344    3  131 1345 1346    3  131 1347 1348 
   3  131 1349 1350    3  131 1351 1352    3  131 1353 1354    3  131 1355 1356    3  131 1357 1358 
   3  131 1359 1360    3  131 1361 1362    3  131 1363 1364    3  131 1365 1366    3  131 1367 1368 
   3  131 1369 1370    3  131 1371 1372    3  131 1373 1374    3  131 1375 1376    3  131 1377 1378 
   3  131 1379 1380    3  131 1381 1382    3  131 1383 1384    3  131 1385 1386    3  131 1387 1388 
   3  131 1389 1390    3  131 1391 1392    3  131 1393 1394    3  131 1395 1396    3  131 1397 1398 
   3  131 1399 1400    3  131 1401 1402    3  131 1403 1404    3  131 1405 1406    3  131 1407 1408 
   3  131 1409 1410    3  131 1411 1412    3  131 1413 1414    3  131 1415 1416    3  131 1417 1418 
   3  131 1419 1420    3  131 1421 1422    3  131 1423 1424    3  131 1425 1426    3  131 1427 1428 
   3  131 1429 1430    3  131 1431 1432    3  131 1433 1434    3  131 1435 1436    3  131 1437 1438 
   3  131 1439 1440    3  131 1441 1442    3  131 1443 1444    3  131 1445 1446    3  131 1447 1448 
   3  131 1449 1450    3  131 1451 1452    3  131 1453 1454    3  131 1455 1456    3  131 1457 1458 
   3  131 1459 1460    3  131 1461 1462    3  131 1463 1464    3  131 1465 1466    3  131 1467 1468 
   3  131 1469 1470    3  131 1471 1472    3  131 1473 1474    3  131 1475 1476    3  131 1477 1478 
   3  131 1479 1480    3  131 1481 1482    3  131 1483 1484    3  131 1485 1486    3  131 1487 1488 
   3  131 1489 1490    3  131 1491 1492    3  131 1493 1494    3  131 1495 1496    3  131 1497 1498 
   3  131 1499 1500    3  131 1501 1502    3  131 1503 1504    3  131 1505 1506    3  131 1507 1508 
   3  131 1509 1510    3  131 1511 1512    3  131 1513 1514    3  131 1515 1516    3  131 1517 1518 
   3  131 1519 1520    3  131 1521 1522    3  131 1523 1524    3  131 1525 1526    3  131 1527 1528 
   3  131 1529 1530    3  131 1531 1532    3  131 1533 1534    3  131 1535 1536    3  131 1537 1538 
   3  131 1539 1540    3  131 1541 1542    3  131 1543 1544    3  131 1545 1546    3  131 1547 1548 
   3  131 1549 1550    3  131 1551 1552    3  131 1553 1554    3  131 1555 1556    3  131 1557 1558 
   3  131 1559 1560    3  131 1561 1562    3  131 1563 1564    3  131 1565 1566    3  131 1567 1568 
   3  131 1569 1570    3  131 1571 1572    3  131 1573 1574    3  131 1575 1576    3  131 1577 1578 
   3  131 1579 1580    3  131 1581 1582    3  131 1583 1584    3  131 1585 1586    3  131 1587 1588 
   3  131 1589 1590    3  131 1591 1592    3  131 1593 1594    3  131 1595 1596    3  131 1597 1598 
   3  131 1599 1600    3  131 1601 1602    3  131 1603 1604    3  131 1605 1606    3  131 1607 1608 
   3  131 1609 1610    3  131 1611 1612    3  131 1613 1614    3  131 1615 1616    3  131 1617 1618 
   3  131 1619 1620    3  131 1621 1622    3  131 1623 1624    3  131 1625 1626    3  131 1627 1628 
   3  131 1629 1630    3  131 1631 1632    3  131 1633 1634    3  131 1635 1636    3  131 1637 1638 
   3  131 1639 1640    3  131 1641 1642    3  131 1643 1644    3  131 1645 1646    3  131 1647 1648 
   3  131 1649 1650    3  131 1651 1652    3  131 1653 1654    3  131 1655 1656    3  131 1657 1658 
   3  131 1659 1660    3  131 1661 1662    3  131 1663 1664    3  131 1665 1666    3  131 1667 1668 
   3  131 1669 1670    3  131 1671 1672    3  131 1673 1674    3  131 1675 1676    3  131 1677 1678 
   3  131 1679 1680    3  131 1681 1682    3  131 1683 1684    3  131 1685 1686    3  131 1687 1688 
   3  131 1689 1690    3  131 1691 1692    3  131 1693 1694    3  131 1695 1696    3  131 1697 1698 
   3  131 1699 1700    3  131 1701 1702    3  131 1703 1704    3  131 1705 1706    3  131 1707 1708 
   3  131 1709 1710    3  131 1711 1712    3  131 1713 1714    3  131 1715 1716    3  131 1717 1718 
   3  131 1719 1720    3  131 1721 1722    3  131 1723 1724    3  131 1725 1726    3  131 1727 1728 
   3  131 1729 1730    3  131 1731 1732    3  131 1733 1734    3  131 1735 1736    3  131 1737 1738 
   3  131 1739 1740    3  131 1741 1742    3  131 1743 1744    3  131 1745 1746    3  131 1747 1748 
   3  131 1749 1750    3  131 1751 1752    3  131 1753 1754    3  131 1755 1756    3  131 1757 1758 
   3  131 1759 1760    3  131 1761 1762    3  131 1763 1764    3  131 1765 1766    3  131 1767 1768 
   3  131 1769 1770    3  131 1771 1772    3  131 1773 1774    3  131 1775 1776    3  131 1777 1778 
   3  131 1779 1780    3  131 1781 1782    3  131 1783 1784    3  131 1785 1786    3  131 1787 1788 
   3  131 1789 1790    3  131 1791 1792    3  131 1793 1794    3  131 1795 1796    3  131 1797 1798 
   3  131 1799 1800    3  131 1801 1802    3  131 1803 1804    3  131 1805 1806    3  131 1807 1808 
   3  131 1809 1810    3  131 1811 1812    3  131 1813 1814    3  131 1815 1816    3  131 1817 1818 
   3  131 1819 1820    3  131 
   4  132 1821 1822    4  132 1823 1824    4  132 1825 1826    4  132 1827 1828    4  132 1829 1830 
   4  132 1831 1832    4  132 1833 1834    4  132 1835 1836    4  132 1837 1838    4  132 1839 1840 
   4  132 1841 1842    4  132 1843 1844    4  132 1845 1846    4  132 1847 1848    4  132 1849 1850 
   4  132 1851 1852    4  132 1853 1854    4  132 1855 1856    4  132 1857 1858    4  132 1859 1860 
   4  132 1861 1862    4  132 1863 1864    4  132 1865 1866    4  132 1867 1868    4  132 1869 1870 
   4  132 1871 1872    4  132 1873 1874    4  132 1875 1876    4  132 1877 1878    4  132 1879 1880 
   4  132 1881 1882    4  132 1883 1884    4  132 1885 1886    4  132 1887 1888    4  132 1889 1890 
   4  132 1891 1892    4  132 1893 1894    4  132 1895 1896    4  132 1897 1898    4  132 1899 1900 
   4  132 1901 1902    4  132 1903 1904    4  132 1905 1906    4  132 1907 1908    4  132 1909 1910 
   4  132 1911 1912    4  132 1913 1914    4  132 1915 1916    4  132 1917 1918    4  132 1919 1920 
   4  132 1921 1922    4  132 1923 1924    4  132 1925 1926    4  132 1927 1928    4  132 1929 1930 
   4  132 1931 1932    4  132 1933 1934    4  132 1935 1936    4  132 1937 1938    4  132 1939 1940 
   4  132 1941 1942    4  132 1943 1944    4  132 1945 1946    4  132 1947 1948    4  132 1949 1950 
   4  132 1951 1952    4  132 1953 1954    4  132 1955 1956    4  132 1957 1958    4  132 1959 1960 
   4  132 1961 1962    4  132 1963 1964    4  132 1965 1966    4  132 1967 1968    4  132 1969 1970 
   4  132 1971 1972    4  132 1973 1974    4  132 1975 1976    4  132 1977 1978    4  132 1979 1980 
   4  132 1981 1982    4  132 1983 1984    4  132 1985 1986    4  132 1987 1988    4  132 1989 1990 
   4  132 1991 1992    4  132 1993 1994    4  132 1995 1996    4  132 1997 1998    4  132 1999 2000 
   4  132 2001 2002    4  132 2003 2004    4  132 2005 2006    4  132 2007 2008    4  132 2009 2010 
   4  132 2011 2012    4  132 2013 2014    4  132 2015 2016    4  132 2017 2018    4  132 2019 2020 
   4  132 2021 2022    4  132 2023 2024    4  132 2025 2026    4  132 2027 2028    4  132 2029 2030 
   4  132 2031 2032    4  132 2033 2034    4  132 2035 2036    4  132 2037 2038    4  132 2039 2040 
   4  132 2041 2042    4  132 2043 2044    4  132 2045 2046    4  132 2047 2048    4  132 2049 2050 
   4  132 2051 2052    4  132 2053 2054    4  132 2055 2056    4  132 2057 2058    4  132 2059 2060 
   4  132 2061 2062    4  132 2063 2064    4  132 2065 2066    4  132 2067 2068    4  132 2069 2070 
   4  132 2071 2072    4  132 2073 2074    4  132 2075 2076    4  132 2077 2078    4  132 2079 2080 
   4  132 2081 2082    4  132 2083 2084    4  132 2085 2086    4  132 2087 2088    4  132 2089 2090 
   4  132 2091 2092    4  132 2093 2094    4  132 2095 2096    4  132 2097 2098    4  132 2099 2100 
   4  132 2101 2102    4  132 2103 2104    4  132 2105 2106    4  132 2107 2108    4  132 2109 2110 
   4  132 2111 2112    4  132 2113 2114    4  132 2115 2116    4  132 2117 2118    4  132 2119 2120 
   4  132 2121 2122    4  132 2123 2124    4  132 2125 2126    4  132 2127 2128    4  132 2129 2130 
   4  132 2131 2132    4  132 2133 2134    4  132 2135 2136    4  132 2137 2138    4  132 2139 2140 
   4  132 2141 2142    4  132 2143 2144    4  132 2145 2146    4  132 2147 2148    4  132 2149 2150 
   4  132 2151 2152    4  132 2153 2154    4  132 2155 2156    4  132 2157 2158    4  132 2159 2160 
   4  132 2161 2162    4  132 2163 2164    4  132 2165 2166    4  132 2167 2168    4  132 2169 2170 
   4  132 2171 2172    4  132 2173 2174    4  132 2175 2176    4  132 2177 2178    4  132 2179 2180 
   4  132 2181 2182    4  132 2183 2184    4  132 2185 2186    4  132 2187 2188    4  132 2189 2190 
   4  132 2191 2192    4  132 2193 2194    4  132 2195 2196    4  132 2197 2198    4  132 2199 2200 
   4  132 2201 2202    4  132 2203 2204    4  132 2205 2206    4  132 2207 2208    4  132 2209 2210 
   4  132 2211 2212    4  132 2213 2214    4  132 2215 2216    4  132 2217 2218    4  132 2219 2220 
   4  132 2221 2222    4  132 2223 2224    4  132 2225 2226    4  132 2227 2228    4  132 2229 2230 
   4  132 2231 2232    4  132 2233 2234    4  132 2235 2236    4  132 2237 2238    4  132 2239 2240 
   4  132 2241 2242 2242  257 
